1
0 25
1 1 5 6 4 8 2 0
1 2 10 1 4 9 0 7
2 1 2 11
2 2 1 31
1 3 1 1 8 4 7 1
2 2 1 13
1 4 10 11 4 3 2 0
2 4 1 22
1 5 1 10 3 4 0 2
2 2 1 13
1 6 1 6 3 3 1 2
2 3 1 13
2 4 3 21
9
0 16
1 200 1 11 9 4 5 3
1 410 1 5 4 5 2 4
2 200 410 20
1 885 1 1 9 3 3 0
2 200 885 27
1 631 11 1 4 14 3 6
2 410 631 37
1 580 6 5 4 5 2 0
2 410 580 19
2 580 885 22
2 580 631 20
9
0 18
1 313 5 12 3 5 0 3
1 36 9 1 4 16 0 3
2 313 36 17
1 212 14 1 3 4 0 1
2 36 212 19
1 724 14 12 3 5 1 4
2 212 313 32
1 933 1 1 3 16 1 0
2 933 212 43
2 313 724 49
2 933 724 58
1 169 14 6 3 5 1 4
2 169 724 16
2 36 313 39
1 40 5 6 3 5 1 0
2 40 724 37
2 933 36 14
2 724 212 19
2 933 313 23
2 212 40 44
1 351 5 1 3 4 2 2
2 40 212 22
2 724 36 22
2 351 313 22
2 313 724 49
2 169 40 33
2 933 40 11
9


:w
